==== Mang sau khi duoc sap xep boi Bubble Sort ======
So phep gan : 245181	 So phep so sanh: 245181
Thoi gian chay: "0.125000" giay

235
600
723
1205
1301
1565
1631
2320
2328
2387
2685
2799
3194
3510
3944
4184
4418
4428
4456
4648
4738
5352
5424
5817
5912
6007
6114
6213
6360
6374
7151
7255
7287
7389
7618
8017
8222
8488
8654
8812
8966
9007
9034
9676
9730
9763
9816
10140
10183
10230
10515
10716
10925
11185
11386
11839
12194
12527
12588
12645
13206
13599
13633
14007
14192
14361
14413
14686
14808
15415
15780
15939
17301
17739
17935
18009
18117
19088
19538
19959
20053
20447
22661
23311
24051
29061
32341
68426
87966
100264
146437
302887
314256
387786
457215
596820
601646
625371
690828
704481
845208
846536
858811
866444
1100290
1163245
1253528
1282572
1317701
1563272
1566533
1667752
1819179
1885922
1948564
1974841
2009041
2128144
2268068
2295630
2505984
2590901
2668997
2688516
2854150
2877114
2891310
3085113
3094521
3095819
3234768
3289622
3380805
3399769
3404837
3484703
3499114
3630593
3708153
3773302
3810080
3854308
4045699
4093479
4147386
4153261
4241146
4295410
4551737
4553473
4575408
4626328
4632568
4794364
4878764
4900420
4951761
5020236
5033534
5056186
5065913
5420541
5448086
5599422
5666124
5681597
5685489
5727392
5737728
5808539
5977853
6062426
6160927
6170929
6220424
6297602
6497816
6500286
6621985
6638970
6703819
6753075
6778620
6799688
6844531
6844564
6957653
6960924
7020706
7265334
7317274
7339958
7474645
7541676
7571363
7731507
7735914
7811316
7851426
7883326
7907590
8300155
8330779
8376885
8400405
8518443
8523241
8537850
8637429
8700102
9115344
9246408
9544505
9968974
10060942
10228912
10264398
10632740
10648251
10690708
10697917
10862889
10972394
10975888
11054045
11434453
11623996
11767355
11903489
11949630
12146630
12392510
12543125
12556540
12571380
12807921
13124970
13282631
13612966
13644358
13898976
13977890
14163189
14261955
14265553
14304552
14312249
14737820
14775072
14857730
14918755
14988311
15058289
15081362
15120126
15246172
15411304
15688635
15738956
15972110
15986129
16045970
16327882
16353165
16615788
16935815
17132028
17175839
17457310
17467395
17556961
17730920
17787922
18123156
18281843
18551584
18578985
18597111
19109239
19202794
19234795
19264629
19609541
19764595
19768810
19809788
19847939
19876956
19948934
20122453
20371682
20474210
20539768
20734549
20896722
21270472
21405846
21904446
22334760
22438003
22920374
22957369
23010179
23124896
23161507
23286426
23421309
23430992
23707002
23747666
23858687
23933960
23949075
23991460
24143024
24154342
24243636
24337500
24346805
24429215
24463175
24490971
24717693
25384817
25454411
25725085
25938118
26191726
27385492
27545730
27837133
27914380
28493295
28676897
28682636
28730900
28741053
29151437
29398248
29839592
30004810
30743062
31708480
31709972
31809956
32011569
32053737
32115628
32190675
32762360
32783527
33297775
33425570
34188166
34633850
34932517
35091856
35243267
35299704
35402463
35908492
36961691
37573973
37962589
38416906
38749063
39021000
39146100
39683139
40204035
40744884
40934785
40951320
40958853
41221974
41243312
41318937
41794812
41883815
43847576
43864572
44002851
44135879
44149668
44911296
45039701
45553635
46352812
46556644
46579995
46881561
47065563
47116262
47534833
48459714
48499435
48896748
49002449
49053038
49705400
49708754
49882380
50238718
50421330
51140130
51477786
51747803
51769876
51813458
52144054
52289205
52908034
53134865
53461457
53867504
53949799
53957413
54230935
54522180
54551871
54758474
56046929
56102222
56161858
57285085
57438991
57890926
58321884
58880014
59273412
59360952
59809233
60088308
60331960
60456848
60660989
62879777
63510275
64951295
64982461
65867097
66060016
67091523
67353774
67494247
68704810
68905105
68962551
69066313
70176081
70195232
70327924
70499977
72188864
72612937
72933283
73385907
73429232
74157528
74678021
74784138
75178619
75680645
76196042
76993804
77490402
77951664
78564676
78783532
80984816
84318301
85016687
86216979
86347682
86753267
87597384
87607032
89043325
93910142
94164246
95020442
100243968
105919535
123175456
128730960
133010862
138430063
139296079
163634567
176818884
276464673
391348581
501508111
534286005
610459072
885761352
1131134928
1184923386
1361678590
1402616028
1409727146
1935954089
2039359061
2080779760
2153078132
2371931929
2776841109
2939394596
3029020794
3035972136
3100020150
3122218146
3198251330
3321888543
3646874873
3705530271
3776868676
3934648522
3962224532
4071977884
4098540960
4138170131
4191884790
4248898500
4335810139
4567663742
4653322549
4727695808
5046530393
5079801757
5139075373
5167393538
5917024919
5973804253
6007957602
6133602739
6143846846
6402587828
6590711886
7173627651
7265015934
7404188036
7463158908
7711161824
7857972189
8180395162
8223370120
8275216535
8283286800
8618581140
8640950240
9022923158
9065148060
9073834410
9543671576
9646845081
9778312948
10259106419
10745793304
11391541150
11605992750
12604069908
12611735424
12810323057
13046807312
13338862144
13365428990
13407121728
13600240692
13655047261
13730440032
13915531749
14780862720
14949769225
15003856680
15449773309
15456410478
15867028016
15897746304
16166433761
16388237556
16478579712
16673278341
16686040070
17284538596
18290615144
18434501912
19262348074
19538055900
19750230412
20023863780
20290910472
20626493544
20714820245
20839214542
20869990218
21164391214
21611615796
21911340019
22105404033
22638973592
22651286144
22668113502
23171407669
23242174960
23742847260
24030681387
24264510164
24507393972
25172605467
25481630524
25963339962
26273596755
26910075829
27340172376
27359453941
27675085510
27932968976
28702772342
30171511732
30240733326
30396141191
30470505120
31287787791
31340798424
32087414040
32134340854
32502591744
32582577760
32925593228
33641414301
34528312387
35402513964
35716263821
37085290755
38896806056
39393265890
39526413000
40422516192
42080444748
42491940425
42674902803
42930889726
42944030987
43379055720
44281774880
44697495579
44746493414
45703605024
46751440834
47490123744
48346027712
49009675751
49600913630
49674125636
50186128036
50205502784
50432959651
50720028622
52351814791
53041530688
53096580017
53749583566
53875916220
56613844000
57168838834
57328986000
57496137902
58644800635
58818196412
59381831369
59995135281
60264081136
60902905060
61515855472
62279453635
63887435685
64297889823
64347798578
65749238346
66443735834
66989265365
68875607309
71580848802
73504138869
75823915352
79183922515
80011988690
80078282287
83728781375
85336845748
85780901058
86152933024
87024787162
89410429626
91719647355
91865338316
93519946328
94349613515
95499701156
96094643321
97821073680
98976914760
102686473470
102748681720
107422611673
109052387370
112527052885
114274881173
114788257234
115407266075
115880937003
116284989057
116646403710
117641061391
118807453079
121851578254
123064650296
124498887164
126214775505
127976126231
128442689809
129172921680
132774430018
133884539904
137789222863
138104044596
139089671659
145658427496
146466001264
150211363104
151221403838
151262636366
152212791953
153211318416
155919183651
157277847591
158158472076
158954638054
164150405576
164891592216
167294446074
167501554135
172428637920
174889778832
179137830112
179246973135
179315481578
180652489519
182285473776
185209663210
186085234023
186972330027
187595105010
197457575040
198593508921
198618565422
202685400244
204243217875
207007562130
207087905000
215658949042
216674692416
217682502478
221702369161
221799759070
224696922310
224957051136
227578491683
231841903674
232570470987
237751090084
246533604526
247991417150
249214818060
252681805185
260077249059
264511183152
271739845453
276994469893
278713712209
280676811182
282194713680
282381025200
285987181948
290170269604
293365643489
294947244459
295481703241
297872852847
301754651506
319764155233
319988941631
320029981234
326184953423
346285506453
348417220800
359366411471
380698856005
383979363648
390670168062
433389330314
438978439165
441067808127
450174897809
451237749383
459005399442
467078424588
473691982053
479522928899
486838200124
487038746424
504663109440
505524412368
525834590311
528976105936
529393901872
551752161126
561244897836
610286863245
633187861498
674776587478
718724510181
780442914705
909670335084
1109196458316
2903142920477
3195133982820
3245201546740
5312939478275
5855873054286
5874024236304
6240564130445
7009142115843
7333763530456
7780409042392
8550953280464
10999698490368
11447771897856
11990441106660
12447851038745
12757635852260
16082987619072
16368830249465
19108260477800
19744434086400
20100262739436
23334235286730
25493665687443
26631769083116
29283526416002
30660730595574
32552766956160
34232359275696
35792076085580
37303990680264
38994053317809
39330197012815
40314844080000
43003489482720
47636943164235
49519910652030
51451518180150
53469365008752
54056792668867
60516869377446
63055251869490
65378838766315
69151695853968
69655651457106
70665119428608
73387253212500
80575404677888
81194194743420
101605514490439
113100482626374
118508446672000
130908088584000
141782583928770
144451370104080
152310720990841
161423601862320
162410493663108
170117493389844
174493246161834
198924999759360
212986034689736
213580164724016
228620435893200
234308763076080
235004232960000
237524757830591
241079299872840
241990412010624
242330391312704
243289826738320
247256427174120
253898854734096
271800284652358
279601269467520
282736760688900
300062017442880
303620597064512
310169030974992
317688446537350
322940235136200
325957502771082
328206178722327
328314784775040
332249302162525
334545305454360
354764756346000
370437241443500
372282219141873
385540306505640
402340011890520
404112050621424
411940656494640
420492497167512
421755188703030
421923870969194
424131872240832
426878258406896
441888700568400
478979587161900
491029737694848
513625519007172
544189689786270
550551258419400
558382310914516
561617719267752
572747168934581
575007061589800
584613823247415
620691322592880
681183445578141
695025793593120
782439098248080
798993460486458
803308367704449
812381254659000
873874450469696
913272954178200
943266551680000
1070458552376928
1085318231686920
1136541301092000
1149764531154048
1184595963330000
1214012122017821
1231473831734144
1258578741212832
1328932154543689
1417311507096576
1549142948463960
1698217812318720
1747424487771752
1846454785289460
1886665285615572
2497184964560160
2680505929833104
2886411484832437
3500060014095840
4549081012891071
5743925182719900
10055914485261840
11467402801873200
12568130677492080
18204028578490968
30620808688146560
38855372861361420
59053115177548800
75075642004770960
82450764908940960
97986202089831440
106415786152309888
124484581811292192
129386621292539520
166710338150332680
170441695768628592
222497717653411200
376811184050582400
419458034522241000
441795966451699200
502645914923041890
671247829344517740
843137325854263440
1136106639265199200
1157167580547244140
1626480301243069440
1749712807838404608
3032365737335898600
5499794602481876480
7122666220433719648
7238897465192980608
9835740422349380000
21986922519218487600
206599615735544834130
365573416100286873600
7571529525987082010880
