==== Mang sau khi duoc sap xep boi Insertion Sort ======
So phep gan : 266710	 So phep so sanh: 4158

101419406252745895830384075927682286232994262591
104120785907097767141749828498990307586111645757
107927142664433748218392027125343371395282575263
108515144281968310066935562717642806933649390068
118694805378781462173891445129740987685355412882
131841357861902783735334419436303980522710508038
133158305102510406489562221747860021392415406681
142246129792084603572779331261823235857574423434
145554374046912486062861040611624504845558227219
149326476190468426920738207074101943980643466566
150539127894808106209356064337313114376338595994
150487247925686917076811475847668189111677983016
152056104940266407266851002138435087053563029937
157449061190421970933313569598839513628819813343
164000368514455732966753540171531389367243204005
164200257861232171452404250057266011292372743279
164987527290023570929481261463659591064768110456
169094693613630752795331695838711435701786516991
171269430222333102309926566348888351373740619462
180059812430200419653974894087756038094935478614
183766052073687948085724292015014005747752835978
190889656392709554559699998961074109288895345641
198917330766028989994208787307642191603362214326
205974218045773807848666333181315193678409369082
205075404544667199092326103723906354089626988569
213536825333862155816196118076497702307176602345
216534953437709154007123773339158880244336766148
222516749757976619174514139228256390243363990984
239393655405065518962250525206728006830643705207
239035909944975665211205663210668100243145328971
247692087350178895157379441182579144588689691319
260144396306022328821684191345854250857117027179
268062692916098518466982681946744536392785744225
286960005793556827905244651958695201461133553933
291976812015917526828160822334128300027698502871
295173354351875965045306168188983337876247858261
302479399208623351349773300278502756914233438087
307697596423180185291042271460274112985670374933
307126660900235914907475312754866768252463864293
325607543507016659247311704004007934522642642562
326897789305639774358333610474271572270360989640
330430175073044740583459337143885899398566556559
333192462020147990151739749918763390920120526082
337119707904077969818217336931648851103696968954
344275949703331946573949477524657469111516237754
363974154887224808272743023592211280617580113843
366560804752566800085105676264422181362409081572
370894571743599008628285862531931992872250162991
372638551451860047109482764897054252156041722299
373430430710124642329895691370865143226059655345
378796133747172691636857343278028116310905585652
386704634579014648595568042828840828277320267544
386109825007777929422115873111211221079038186264
388478127102774170752893099361256593395279649590
406858951879789736295993793934091893877986701704
412240955312170843761936504023556676606434598696
412663821208776651379736513330512177646234267186
413208225940087855311781776711510646468075144933
420841954656235775540303647894244610452096004861
424875864802625109799396805868331138916524251966
426186625222343585600422153755731721290415170399
429042407277752317439270717882982677541473752269
431238777670010482048700906579139467610090466175
434207517657471469739190755690919172465725883716
437576915274230574945961045786446034046410059337
447770036718973715855112867520437185329801302238
454676601714736914058310379568768573802737800538
456398014700497480679823024409384032075749611317
463804268362496019339974534915619476084760719125
463055175834430809130055167725989297432631546167
477799858240347671734587828030062068682436531812
491156740470479587838611436398006594779275665971
491920954675187850000827701603179222126108247402
494032025642070225833953236841318597620906360050
499544433264920374193025311649296298110175038815
503272429669909371068142102860808976693614620970
505009859161009387870962342687371301254936688773
505871484130827752870104960749536228352534273150
507368158166368273855825337491775506690692310328
509491231263860516385962285686453203938382620067
510329251907855054367308607112967771762514238608
510272237683647639443950192813426277385168915389
513603004647538723458878968396024452240670448332
515975867261929670035526794659433257282517216845
523431303442639739353223146675841510017535257218
527909979321941950422493245639322078148345532341
529249401000370585919998725129517092346996920557
532535050021885643052538728316039899169009251088
536884557264436062032687585953091204952586560186
567796419263159702617625340755318880175059093542
574646638061169058111583490819387470763926989517
583230650232864848475718000145353904762085762497
586742063488373540621085527183246583386805326063
592551214332194935506173162046829681963987530054
596172536139282907857925918116264018939287120672
605385679527118510449331614600717193529824681305
609478351201640618984143988087783837107349651099
624834997847528170118909013626106655362949187871
628345375253220344849386257836972811541252888434
644319339264658277882154286825158982402349807670
647376522390626168580388802718899805230630716160
653089072805989115379074472146271125858468585972
653092435833572333216629224910701868136048289276
656178836941381073404587187500804280844792807431
657499915456809375249562506683733203435321269031
663912412684456845844128326604818422916869594729
664368447221820194044889139786277130774185513779
667061139501388679706014642822687929386066886733
667058377398352966375303443049606429137591210889
668676789451028670774622965640696291264708241003
681536401400386737881476932057904082033717996621
681162770467873385207564390539222237133441726166
726036869323698366736668973605067431332107215936
737078528552478413662508278714068210920696503090
738549415808581151629170542768279581837935830956
742009709575612571393229834651252187645709365853
751381099856287284286168769441562546778921806608
753921789161105532509341630774586121705602162867
753612646340639970977634313218210762716684996817
763904125415234201781410087910651185578563951574
767767180854370444179296649574106917883223639566
780895046867331731342773365536095633299635514717
799339380183807992494203754314640577079067856270
801546274166977913433874052822005153129665557322
802337205196144570794268145213082791649034964956
806257403309886535560206907043167182415400489627
820557913076119656580870354669639001313008093136
822213492196866356179308807065016002195457911730
825283216479478376852229897669348719321982517964
828463722323380854998830516003833565475198086511
833807291589834917289669364297624275401404984155
839396345331668175566991740392134925466085041239
849356283666557319897226215947899522271841098578
855013344784656889383920713741049836534435073113
867933495926768774981956151957999148934371582980
868673593258494883810283944845178578140090986842
869224693234180168957638214540911855543097791198
881930414758653376019226705012543466313848741763
887374886334540591912708881630576353909115644163
887889923322370599798774187710755596412155638460
889970588734758779241197346548374304792631693235
891761934745935795459015321510200741019688153932
892599476874962367188134848854410121020501087052
901486967770014950212076716867614478813439667253
914126244018769537045706083036118439322078139458
917070727909976310670024007421130718894610950757
918063456492064305618294443469534160609084965416
918566790925210556253889493419816074410567908391
928121278868621902647239632586304231544584172440
929259127256583516972092541936423625516171077477
930641689860209860874274661886639881628168348737
931856662924760134811662587035330833735609605237
936037516136196178589529594283708966202020178291
941170256880534375606109879537117316914270864970
950046090914226350604160051099764675170861198390
952887108632227084743444605537219088809167865980
960452162993910791215924584807499824193960388600
965225462762075049459737643656414959513868149003
967153636191086816416861829305090440380500854509
971978777553401275673558375718103899270041048272
973282398508351583716090531420159042605242385053
974217736918740361994173857509914725039089614792
983137596139454534019308146914222010511135725734
985672984706536413705225303504188823780948574396
990102908979961487933173674983981273885652549932
996049934531797078185072063154390464090994578047
1021477351462711377876894289622751826454277838496
1027332664340876563862382743204548835502691711529
1028245044051159083872693810338480154137358569089
1033944398634476311238314883097370538334593711283
1041047520962012854445652822428895583567121222826
1044860407259819722662503733141539993964318132165
1047995378785681052054505087061306273218429558394
1048352721319113584314778607455620696032294129842
1054601342319941651609078744026590209664677744447
1055298290067426343611412926098952074092535824683
1058916795498097986485497171797661324078351054627
1062069436290516737831325201617395173366653474726
1064947038970900463840049705148787968720220396567
1068574618980277164333747431794664414805259074967
1073886053086985438736866839269489618146163501008
1084165890385524245034241804112360159847396854479
1088271795034015342329492490449853230171988329332
1096208075703748263240550945903888073847476835630
1098860065770280030855691330837222808322709203413
1170551738804535938847724744064400531372633379171
1296022926736052171153266815869466288168789790582
1353543502016902339168036732428396406529998692087
1410382732356072966427596076150257841925293022609
1418858321848741059026463903371672936229604189493
1432098438097772471165804374420346920205434828255
1449074890419606463258882650533047329048391423298
1477095775089384906508302267141052334784268717322
1664781533043028737475613807989705332700002190911
1723346250303344220819935120744591784466845848697
1729235065940949989382504851379719866920373155987
1843581260221650177383513219423014866138794435442
1850162760958246091578136761256203140002791635462
1851079834599490711892450639301237134130614541379
1887795327404398543608615368734195946227947160450
1922476561565433809596544874491678421029447561092
1977504553688965260793055879400770319416735969996
2108632333771469924884459822719120380195185462502
2216304232037516092589247502973676712467166508894
2217489276600959470434557310510204669119845017178
2217127754878685975205813033064915994673070400134
2240297913035091728173688832126141073257661924954
2266240480278117158565192777301565333713131764775
2353137029429805966494335790737904210265296032698
2394471410678479712640599918866879970279493368184
2458725947654888332118155363059694846696730812639
2476823027885971347137127534455141266330081381698
2498873457751337965340249804261561050487081728011
2504034442491371238141502660737200859919569393475
2515481305650975793483860796557360339930118388208
2521476286388587847081471777677820997354832144147
2684177294979516286883892587931214518463617853828
2888880778876876573872665574190612945816910285574
2965422510981358343916734051593515092378021993502
3047525637995657334901911011639117909297269226690
3082090057352540374109925457335004982801671131521
3157546962942316678230145763814060849192457838180
3224663301718100952490465497108307640259097557107
3383652268234885740146185890212477550475865342463
3672201175918178669926658403783112576216115748564
3727144952591814574638225988561504128689545403607
3781736528293652240306514602049289908209544248153
3804291091950578162425423123534999989561638673474
3854591313548560295326396903056801417632585577473
3907406975318144517413301168433562380044991680842
4041772131315150512215538928427584094435841033406
4090960140614329551120075563427926395798311942541
4127320342414359301733051165938333780047484347422
4382812772595220891385531246553135697709679517831
4434922512879530000515552648966660611976135712986
4442120762088738833429769790103476225015439820085
4499471867567273118830908967381351765031072607557
4501529445879408251928824826546002293015616200641
4540761863671660695871710461389230686268105418375
4566144626825510151760024336282343436847398008805
4573784280416583721971211213560153085322679296121
4578645074621977107547390873182792710651014657647
4602719425590801175620071843538745505693397968088
4691460608441941280329424798382809058931246966476
4727818881381222285181864729726383134215891313238
4762078097811232736974403839460727952571043701797
4877699141827904897986994281764352475438772036715
4930251183374671946128257784206505607244405066263
5070650340728915820208591716872390045716590069418
5085738782496648111006095848307535628933998359466
5091812129254618028720262586684821012435817702795
5176031254551151200355173913480743359719953973014
5245278328619965375237377870382937533087862113996
5270728145079257396534509940190186781977329595942
5355268929594505880132227031337095583783793918280
5496598038643143120748493971573285979375019846213
5553222241735994554443246306440819365053534745971
5847055051074973472863379641000462430028206034261
5941482194305116222096909839448625136349151496690
5947974959542515583599106459491699574246136822156
6159290115122205718656498253967510546142846776845
6211404158517019458009379176915205530185165600774
6248384319702799406797883608375732334572139338730
6469630173428999010639204047054452985334883350981
6478966972575066882236369073328758223607200445759
6498588868461014396295454372651044928473628421894
6560983579048740235416645291249937658789771650132
6645650492177776352179615696180475735740584316380
6646999447571831016426715138852942646251070498168
6669335993286229887891772237919595348850415318181
6701770419100638302515684133867828244698701626445
6703528563248546689663490053578856543777634643006
6880213470092765857735302732591184087791251363131
7069789415666667140612149523415231688277126049460
7149569156144681320915448286768714198566026885069
7268736731275542694780670022377410860298830948172
7304770850798335199526583055285240248256510806833
7506486452152023704577364673667494957425179703723
7506170190085453312642930737019201023133340528229
7595019361468865345975281489835936163109235910391
7660977170295384350333970326251410524134047758684
7723708691144970684912095374790529501363205714784
8021575902007010741460708013161007310673580420918
8099947094393052477306923819665420026758612753116
8156828527644051130524826863865665266244179259574
8175703457767864461139852271671816597447131635085
8288557902161233708203929597105291046514987435624
8302520175619646364083374555119032877101119308736
8346454632442117269792334042455021704535050554611
8391224853028918604736249735829326552052229640445
8481159566544884619722039818284679850145312671019
8701956600607777681828128389722523998608465431612
8713797507870136370581586947650451205477038366930
8845027523787737841807922875787547419577531390544
8857399287823848939098694582975586653712421916193
8865597579031099255164577373260698977954417400200
8866938310500605050360867619446363457079380426001
8905621895292663912050946281466561352694673058957
9047597724570446322414958131211024427174079414533
9068312763169740007116174074871155533375611038281
9082121649305798926889032934530998746866860256912
9089861586766725611893422198969535975728556223387
9094069439498417025238636307040605260539551356570
9126608118280885280373543254518840182976224174214
9144904769108292044156741914122942477108819886900
9185845428695724920430390725860513552505694063726
9280433261415961433478286175859989101051463804337
9307604055087385175933567041335963126595445978864
9444358029498350435257774404115402868147649873862
9468640775290725844922057887138177121117786981771
9553212448191704276581210916971084976642202099932
9742730723063436963414249061372481950366214918390
9772823669651380761603104315895457446775268891980
9781609589000725521486468983551558405472149903035
9806696844731921136190176807354354738281027017064
9891560966541243060028291028048322484630193182705
9917457947258922844937897524965697294663373281173
10068769091798590405258074934011471064380104535942
10117794994262858050956563986314884398387681412459
10159209547198692950814689773987667345050604185799
10180477411981032503226336158219397213209274503297
10333522050719349675116573598821822371730340089503
10367335864265876853970541613881115990295402706834
10401027542929326236634885391283216928871350702141
10652237097695699358189618453464152175483852313200
10714485334900913361224847822204639933112842498809
10774182021350571529242211496798243626136096179310
10813954924512565584011939693530608644215427422131
11147439967620962303519679275682463091876840379622
11790431798357585636961675609600953451223666941665
11970828022589290775043918685996808592506935719476
12055129390535246098161357901848014171987711532440
12255163339063198397807451852197963964824760025762
12411010829023473256943907487155319302128114830488
13777694475496658880114553124183168854603722596849
14110820077699178442345242397345138652470573883519
15581091331604220289664681626233782173387223549378
16174838730221632741718375842587029885631780400384
16415720229510780321978593074571935534738340558183
16635418844732432512495068541919232229175099898018
16971472174476360662538953077234518564004428739756
17257286286741098775414809732482549693327990546945
18017763579041747846956353784990626010003127202414
19292327437199959246289393952884130410222936650922
19804968284794074818221466938136452201038733145612
20196381353064115558344838673033543836712430064359
20880090529535764315978563391886830568314353983787
21526572342690268312707295748614310013934500330393
22227278283381069997461958991979345039428472762208
22311108910977451678393139637520717067175481752175
22532008399760581104051254207660547467043784443644
22770717317382882277536841172292775113102484349275
23534586974773659884588535705668889936291919886054
23593193536325132909570154951605210070982594061653
24221618950079676115879842394991434275850682447062
24232192091024270112848041484283621383575585184837
24436793627876983869093931706311426741386201076621
25109323908444092842571252919525844184262783868775
25149247584749252878487699575164178403334377857368
27040610552583278527297631598954952522308728375418
27398894342817131941820700739474480510662042964057
27482363035280722591085079053410485925413958279617
28014327010894598125765917988969332775742829962930
28280638517757496650174739404947196499139296444399
30320646434029496160548036376655048848701740753845
31280516688070580493801221150211464194630416598211
31503875324908533750502813631860977289238986025774
31583556646145027367974921042803808402514603080138
31684666288527692160760055844396368411554292405760
31734464153565495993739204469984473990741934159154
32645483415078874278198020247570700543440825038147
33467206936754058506902798990892066079601625153425
33654423279947492007899498592100350209243018222980
33758327441699903644783607841845490487677534503483
33904825272972726473871140396058759963532393563137
34276368645308698821632606288626134872515717480464
34952517293663682012461343321536861264373156636271
36430298120745346091722912478909106693413971029734
36795273681605115025078203052273996374217723486337
36821179369376206583505466779821214863898994183223
37438908528905259103231114185633055553993463408331
38161059088811803576758855429558171216331146393304
38314707128326259356267464016234636303823142459536
38726133214884004828863744689172371138484676412415
39540536491127139200075737144538088739821253534317
40014138956732114343476304347450212085157452294217
40135837471239082860781651405790539484388074332086
40197211929051941637831230729369130193520753259607
40362028418375817048813678955566300882306509722829
42719078373346381184356131064033346837382279008349
43592834590624598518767594310546081174454290794705
43669432344458126340634753901876371766413387975026
43819501001429933016214477325362591362408708697403
43940695861546833590551104423677199652608134485436
44020121076680588957322200231687728795929130819202
44338957890549418224546236941417794118294434457371
44671016453233052241767456291510141871514894696495
44861135691961704619643800580480793950232313717916
45722818833176888673732568593804040724478542617633
45767753784060981180999049609828063294633195714334
45961194391926070938730868306853986056389605991754
45969166972594178534504188290674946239975011640549
48164100553621171440419226242168499823070406221972
48181736919171454458254279961864857733015198129924
48234214104079045686244371780467244607799274953485
48471341819432198427555344451855790389841008411159
48521531673052215026283674537788403589317093357364
48901401286661133519329489835635600841195437131628
48953910575755573368561152704717353355807899578312
49064788153063474894744213967055048675772672837315
49101544599269035688956914207878183351725158240815
49402314359828196001688328981966965416829441949645
49711128792259413209952615200886438706759673205752
49752870708648508754576457453677329195914457824174
50159135364160191355499152933675476890477669473134
51133889660969679032631615681661115747543401380980
51575704179502355710612292182059637279458837197729
52387693421759672172227591492822868045233110381020
52737803573574538462978013397241314771995554822261
52930223959135178146226350485269818366395831456748
53678062332301178071684205148614870024774892806737
54060391568784952605825715157305179223713744430581
54387723940467677596148630304493255967310909697022
54633303146593354145121725039397192650996806629815
54837953749982386389386027821259032560476505877960
54870018731694668531314803729424395224158633411148
54879226827332933091527054427406100469232377536312
54985085074118379524341713086788197586436635016277
55002740654015886162405213105272350328747960449684
55500920474368232598996926942104816284565217266189
56675811511907634457265629653216349056506533266062
57559184465104995875486026273159598974084720886023
58272584739519028314310407908140795382321040759051
58281744945968662189765694996536642810508977953331
58763616900998524346609810087213111269672040949717
59103190296601530894820976528609921579770201413988
59413504767097244316588773058657135260272300107067
60229419418226468263720923543379114783874142890172
61285233016827898033568422914615298887964685600417
61478764277657959726293190289823288940061734987276
61650825281222595140047486066520978815050044132277
61707540916549898694067229627178198713560202933681
62617569877243629960394507919416771185787754144042
62672488280771666740751339629070637300591122205188
63839266591498744272720981622748398468687587571737
64442735540704514362042102444647041434500787862767
64660248453323724119385988547394281289871581617511
68587331081092491573342201277024103739597202867081
68925727528308952578560535296020830945986224261343
69333676617300821034324306646472768890578125562360
69462498214019701012241107629574716725010976960223
69515912035990422562622358193044647548654989635728
69812056458224227907942854538948115814501453901060
70430695635285065642255613603014370925228428582722
70544565702068815913054006724482833347140603948608
73477102730011802572312875165252036202089906176550
74164896012284989527988602067392527390719176199118
75011896438269893333914268065368923734473341859546
75258998630013868825971420981765653356355701037313
76097993414076228623893737641303202343752076086894
76786455800442286509993871519985231073885969311912
77347805398375059412077541011605899832143827086978
77493509129970659345480771872815638646445347415307
78455086054629325635728548928688859942998783130663
79777925567645062536686349154443967476342195961183
80173630022197109931497335898772186625401861319053
81445369839945664518586716410207764136763436824427
81455970257488277744521396660606147239485453349861
82186038155269334176899727268408261761811844781835
82281710217258857173811392190574606259750263455320
82574982051210244269856962862992499902754859671400
84101366643852103971217499323863350179763381710196
84428636019090120205401240750024374605170882808392
84778311575412233039623186761398584429612631031431
85107714786420657248683075110325936296842338340602
86479532364028767305708291033299099046282819718370
86606385013537286875943382529615029085176614942533
86783644195574734088152324666290493119955560594634
87235853740217641317050172240490087215417466878003
87760924213389837000069875811513890373516718495831
88989791958969331414576346383427890140734945689899
89218759863155500330316820964183153658690078904039
90289775492833478597920289544972363120171531634958
92412080083653501694177514901854809425765981723152
93057893495749938770055881438759063190028358031293
93484992553337438088068198972282890781586124258626
94703085509084964979313537136967155604786951259325
95647748459022745782647546459283104281102672441158
96019537237315599919884556459984534223685085856384
96349246204796157353083063607526871158193192539684
96772952155401609713401425990909376620883045440213
96915138358203541455525779304574129243126866201720
97300001820016004298053803062465966668448589484513
97580384415420287900299700159458330497524987183349
97734138508910551492728285738077426824749062739761
98389776433448860927402239537482929123158175218165
98424106330604691065727572280547741349421756055401
99720479232940824615923784026407427572472492977832
99911060152824812234742407966726210434356116789353
102712040963573397444876292912131158502506318499488
103345595381855275383329064357927021562121369698817
105216378035528130208024831217375011849839325330192
105410728172524124431583003722004447354990411244160
105644228146579442078610764210125310310353178140454
106021988875090372523577901144595647680008678338263
106644962312502560103422042373223643572293096281185
107374988809730761242863983510962548531708046968522
109623263094588638189641272413347820428994446706308
125502352979002953094515444000696276508792963177350
128783754704828044061366502502752718937103023671130
133923789370371330498387084286486757715005898287635
134122182627587454377346909492955377057947237442384
135049837042814249798819792397411210108726506347626
139896369196345298069564952309328895802884896283392
142601207281448201774683765774952700310069208579781
145178110509023644389256278785278701032606645859123
145700246650226572685276624286589818890274034189687
147032110863705224426736106713989408193618909714288
152122519870575867324502615415066968259594618027111
153912881860249022154442504212779554034122982278583
156914748357870156078073904586354496345343385520985
160070600861757535921750651088179956059563384339572
165134195390074365973595324929384414588736668300622
172809209420664613645897441675402332239893975529589
182022682725023192139620355119823104112237917052373
182301257518531608487575502480495412479022477017178
182698191206940747597881280216351510104893984054210
183313214962492219009525171316530342436259376391058
187328328155813445763256161367149564837824169608472
202887165314653541305221374595701318372211619811939
203232281875626474370543738056826812662430205105801
207975622964440936312577886079499492987328370844734
209501859894208014087671169177756863356731651665004
219725130898416671028331263154534473432140789703136
220616132168137055304667700703342531522560901130383
221197260191009466222282693882038793855072927465130
229245429876000935281936013537111252418192750988213
233187734785926927356490442278819962263337378771363
235932159745427455598551699728931116898611311967215
237933125620617705612261055331257217122809493141430
240340662142058108226427246996588464250359659914358
257437292252504088443352205043268815623891156818719
261152265971485890952783516839841610469788120314945
263470266629336378257262003081481908757646624172987
269619634821219579093044714203579235937204741298283
271402242960121855006241770525676663670911325982315
276034054189146496740997704144136156755334146890400
280565481840195875148232007763958830892526835428685
284950000050889100836168766177455873973532166648837
292705431035992170941650864142264953128147531042917
299510958966159999342113148878568273392771159505273
310268962588661671252492700490810017356950662367525
316785544882733599295217403517214300788148759418849
318669808116667862650389613453742585845916246886186
334195654790801046786689067448830136898607232269115
337148019195364342746471400547413481362394561317885
342473917446318504014547905466767143076452896607295
346218153628232298119799122134782276445725526157968
347617648277975461004087759221870598263694139163044
353713695509056314448655172433258175042874534392381
363832833165540225064302311532189128174155447425780
369100456364676391475005588698156060478640341004361
375739524968884462204354072712258363277070290855205
380205169371100797563605152821959692131285567674552
385999364693313458205425090971421035696848310760236
391145108302378172978572106047577502221509724246245
395304632895008185704743425402494638891932060880312
397564933021778913032324374279968128489051923375457
397900864242447571034977085634535859853890758468585
401054153663134393181429636624567777949726886378757
404892470797989782426366341689156538790391154850622
407307364674012446345020169379152441346887034467181
410589389843996977252328338578813512086553953548503
417169340955627627941931620888963863875345707852792
418040635288902645778450691964784520080202204203968
425238049390890212552627133532305639882913865701070
425351222640703400531067500454956482168314849207060
432440803338385962556050555919166886009858918092659
445647556032451493129752492620953836900284469044450
458579924416926852012829768878545910061871710779360
470559981944087208677551773459105574926413574535236
473534935410703099906471056026598906619843862709978
479133060287018111015262341146420589790350789046215
489817368632608704818138789519669552816278805099733
494409140646783506073984651129360012599563515037616
496437381646967916314134193982063020953900483786575
497054465847875217769493114955023969881360095487499
498591070123471636882452302286310445122891998447868
500978652235379105093655961991759475032038859403779
502030021440479732626729309474660130239835039936815
524167835701641721359039527622941192642807219673211
524993639337795393116669965590478850518667744669460
552631954072518225867170501759944080355430680909686
567070661650823368166263213298112054703141153574261
567640188494640929124399776679394546986826758682435
575901347236402296709978663139124507789249080742332
576535506096279193890445263877145418649108866063572
577871868835380369446541966197322189492039703402096
582491439495216725180757429184481284673158542664614
586365248276125020413365232071966861954253181529932
598001850892808514736168086571028355614938323373014
599033990095372967184678372528273276359556660514650
617036218876551539425412158282253858435262478318607
619686885923893681041779129539018575708652258560136
624649415566580452843329568002708571537787069194074
625681207119830957162554193402613323210018728435737
635623238265319589589228703489306914494658155009156
670102108510005018725028905213750722285697019103527
690163052775943523299557581729073322255856223967634
696021465496988401257537968827101510043493528570283
702284597584543583021988117699104817607299168192240
709019160143479690755494209733770531264246035271149
719908556368086875018669283030314755973485749314770
721660061025298845426191027165249100392442013793473
728010762047203713184026288930086359481613167959430
731071185168544915442408691792040992994903114306316
732361649214023859655746509961452858996255331751611
735303898925777369908233701717576626813360441748137
735380921683488918622284287214935824803526426319029
736154209737260165754120014607177773359981826603801
741197519513022377039300739755508595155297744178363
752516033992397378612340323632710172875766601821866
753561768293431039099330809292685804464473450396728
757391047285666961848351676648844610906937595110609
759687191676371279471824881620485944499453217431907
769795392029152733870716039604904543756665866488203
785438037946042577527908469784686069688315949607567
792547390099840313192163258859011559750513086756892
802193709143776944416076445699715366337148763160557
819330937556697316092428037485630192921470842242512
838578930282513955486729909333695930540139075419508
855548998127792182979900642535197849198796956474486
862796750850736625170372545460675788169223821164786
870616885183524537442734796797049958076280517761557
889215531455139389981516251880025472100280957563320
895942902531904759088285441475914906073118603168415
899317748425769322127848591817598367785500076426690
905499251831040955532082802155641618160757635821397
907323773584221445060470975528067286960206325486076
910058841336235040755528361377863305025759054733974
918138855988773424312909294237250093376002345726518
919256982701218225649025942695217402768905112022666
919336908875685809192534351272112669958496411088448
920599782189017082550391654502207115909802197737948
925794468742639420002493398562214031175272460893394
933909606507897696566760996685652197483377890008811
943253832706801195363153403179035291261701522905183
957022536317645157115164007792462479316695538082460
957184760625512844438859137997560871509963204898304
962154221521456171360599756132614513776712770571884
981408197014090747325290370914833115315041312426046
982377021109553315599520464800742832096834301807797
986938258311811860323266888925020263483141426632641
991013246810635227576279505796845560825824267743467
1003647997237867129770796318514828251938542658276844
1003720540629835886964288105310642455282789987237012
1005488483875025015246245549492969130623390570990179
1013755196048533443103567765679797693221134260162100
1027057367084788030249365005115381451880399230388564
1031986502860248650900613893446066184963788291359840
1033007072373159181838884721267083419221135110812445
1035436580234192408577566842211443801472398821057112
1037189565622881983690100711189389081750467455185544
1063019140198185630382894995012834299723105687087277
1063866241922509474684941149439355312719101404602904
1081176825017067465951427068184951810241563689305010
1091410413200140861964537068820167456248537108671837
1098196554252351583295951127104462177045443279881849
1099726025100109841509524300168717027764596055854336
1107293860736086609932807552609507455608903773534642
1149072102364281348740467792344375073612628628396324
1252040210952003031791888487935858875830168335146785
1279610553607896047403844493974155761262582773396083
1349089964515836879141081401365769573661652345941873
1451148224775207279282146576593890271599961403842190
1458863431239798455883768202093500433189613634842812
1461189785513071061471026614378673821511061380884477
1769794969023647908367441274432440632780343683476971
1797717195685206411430592553285827253036129735499725
1901222527845723860089024896877759305294315243150431
1961083831541337343182561926639973597351182476522700
1995173072909738216256776759231048089350561644603343
2013682031008169572175789857485503563475653177082740
2202176938780247274699616121572597942377448903278017
2261756122954660555683684698918715695654850810793519
2326627508457593939865891639569782521804855836374891
2469996891765281893686268725854641054163516980341368
2556713827363475692824168544481103589909283014541546
2593260143313832825559575307428238109928448283500638
2637469101633071655758181291629428178920300939972522
2738434648525163044724616663316556889147045554752980
2781269605993291003579467768866766594485435331828437
2785992969506252316102210355008016449092514021516308
2792305653939679402640269924786566783191503118883255
2798029897477539129611498697482582561937132068993911
2846422499905822682318493404208902092657604836946845
2866090371339464823189930515078286647828090553223372
3042718334963322652245623857811000379678871523166421
3102793557230001287283372645303691316023493391439399
3363789360772196463123758859072598571881782101259976
3570161756860939794232009439468604432632092051735142
3652562367409789716873065278358834878697071340922884
3676372431963025526966444154790945065130324894309913
3700022043862183688317210670134830738381719874089388
3714708340478779194903898657206116083491296847695699
3767373446220761339580321648260770908013761040025475
3822209355005239896641304762396456279425973961121374
3842717836953435220155471308125323339122439734768450
3901143023845394247024983377063880275690750727305297
3968149677580140937167710683588783563026741594663973
4060489126029702098012567500103140623900405216041634
4083089266961586276465523673016953229684016340738461
4175855313832235214910078247716575545789162527464030
4197304378088127491936207200535774433864459244242532
4567051407173589829316143638463306146356134101500118
4617160348707321104288049512644110336232418835899071
4659830423003844586142203356046853592049537849615230
4683215479518844652383176481913092551196277682735459
4795819774773465789247988589437293698616823891222880
4815975263610277444707144720277964835659598625400720
4939679976935766582544161633553282536186214629150364
4940955780887359090372679912329790534335171557645462
4976956029762103144848832873425415936334216054000872
4977935555786049187327635443154121371064594630710515
5113007714765225195047029566373549653083451560157834
5125057409791105351570550770787802096771230162043151
5198512260217509968076827823649385756317847319821376
5220958597292844016215880720044292906324006355180947
5268633160692033666486006987849780110349703270522901
5417659627168321407425911372663092411328820827563656
5464721475160161356966427575293717716513701492776583
5545432190472809773338507399964999296739615165760770
5677913286525917002536556790310453465094596177951870
5778038777534489363515113575537107609612975975172658
5855088644538308011160882859399916834019464975584911
5856512500380993055896897637679879585711143257381117
5876353902850234829286329642273226527022542949868685
5890358770898794425815776399663066509770169588729638
6016641777926432831611113569300381132083893075410718
6035583464098947098253400529066977354834268637964732
6105812943413969180593383191749922423652624738938246
6136802014691225491763093931307571207755893464374098
6158190673040242525808471987492860080099883024430524
6165474921971643175552908399244255362841266914346843
6303162527191704800869158329154650736173210407900076
6354348091286033726199007154617539018644750135408675
6496082740760129385156688987079158639453823948513281
6597563194466129810453282017279180550018581475120175
6626839130978888946050054253602004745917074886255536
6642452115051723730984495051240601993705608579102690
6644742332155018379977247375794853891137451779636195
6659321956734978051795556994144975527203845039576480
6663157383577559323913945445033656826528443133281262
6664293518803383107317062187807960472694653643923568
6705542312449782220353869995186247229642928504612167
6729182842488549618896530853666983196658323786495206
6769563242630423008438776111596766697245090931580635
6779101371348668156234062862939455855562661313195927
6780754639635866063693476450497364812123842977822194
6919861183978645590698391974452732262591114302309718
6926715323388688630557935710622787651926502518988389
6984008715170165345429294572724770666255035737842748
6987840290582629698395701207656328558801945677183633
7092093795550411226772737609073965876536440108267923
7117221251177501071421753188681108928939817030676934
7259005603137282998386597835854719993055860916358812
7264924296622565295744349213373305451285601892738426
7327724634516971657755288039983626703994783742200428
7400102592853659743498771246266138826781470413089675
7401938895748585033351265185662746431109505895434300
7419876013556868246533948920155947509014132986399511
7731565370533964755499614163617673223978089234494412
7826955589810856303480153546646048795055223468706897
7865323570783607817739342479928774980514687110338260
7977312755263423718893798440341088714281936284614822
7986625840656878167153907547259691841818424917103841
8053710985393389821501027015361419098493953813885976
8342192992258688800961689688404343749999044597171910
8346657868443952377670796802458489721096336184823677
8383049273313784901260910464141073879344856454470257
8475437112435826071611860940888210192806529998237151
8581007169303730432310277130703631956151097308151717
8920627901392263721972882887489221859900975124950457
8923771193259948572032321684944608664061843339769709
9202682491746098519989294086730199771360509295440056
9286084998263263553288308565064272531239735911607914
9392571284426590389796935467459659253392363705474956
9431344800864185807585550941557110715488116527138492
9454294336310340664882566451023052592901684618799090
9600395087255608640431228901418722895849452005410806
9720029696657557604391951418370148892458339671743789
9724780177364638117660801767757433874470773364530744
9726512778667087449073247979653141594489207776135795
9781717140476444227481928039990935208377092726032849
9804247045439684305088345840939501408820932514009214
9861667049894987564868780956900135580177467074121835
9918706927475561220316966893252861498429184646613810
10032247745313343521698841457302777020086450157327911
10158991812937578599073408415045818473568397924524350
10167472470475830817988097995450813217360618040067809
10204374617246861016598054356000799695221259576200141
10248956570696068916670415359858922896386734841575801
10388042225619848555832353672026468954014180172250670
10470316177253779138247222741881732109157891737874652
10538442828950755219978055746006860006787147723003354
10561541385092133529048573303032110818728923028255812
10689816375410122854677344918387971143529155679023198
10692201615596467268692884407998411567320889313610152
10706363676633248171906713381791301830346732548279365
10717516449961556075079568537075230498580097744759232
10839627366437188165302181616715417098722451928935235
10889974119507788681387758106753836083456339245080488
10912989270824459455733017895315336226437569780329219
10942699595928295582384538167823377519771543255099014
10958985471458907131239889673760773746853858572438995
10985149173549616386958670118660727321924125985810588
11701633651965335667053935932878691878076396008379692
12156042806656686013458087697696079441271755935862112
13816827756935085108091810285911866323412084572494452
14925065036917781725425701126087898871759063409354557
14965605469425755474661954719566400833874154109773853
15266100889034643139448310775216855438767124010874244
15673849265774579830223671554026061117300483012903885
15694841413651251564028577809562074332577209385440231
15747663090801510395896257638593025157794178578842384
16665657731834356892111818195673669881568347626259378
16870530225080750462973654838487652818309911586471224
17722821483047418882816596823143348351572006371793568
18314349484413494504221819829939871914230593700216221
18456936200651619735006518272452258698355058150734156
18977821438078799006081060487359786486533186397317525
19669362848524263028119390184591262363092271855794346
20005007864914808997999606380369420443691891186350910
20219138078075111466450811593656187520429586947812763
20958237893717868494146340538091501177367436386220712
21401919324434132620907539507356858179338543517020335
22348794226345352135589119866500944080397579972019155
23411969128893647764591283913912579716240044886342794
23735485414234631135668110037112969430179751582045905
24313169797971514470262569432078835321736418316486372
24328401215606872612995521875898462973677020492810439
25846680149110766148062514000568802986731301012034504
25863264324104173928423460137955520134758440713725588
25999195973753834801935068771275786810355098217280782
26055004668802483910025744619076305499709143353899699
28273724834063877670454868120696355758466471085104529
29034175332412908745680774313630190429314820559328748
29217677883994190808429253710898562002719267994718141
30228481105540096058708644564084590184093781856707334
30412800460039854544809897098492080730250702790064151
30944938846709287496601936311268895954845591454051416
31008210725885273840961498877255352423005436176228419
31966319004737885300790461761183997845281829720037303
31968733935503099047499243659967467210261734604823020
33082198777742970182345715747099531474187899301026419
33135522548808567002501368189910177417647896051672276
33190990379506863180117232725610237474628951577351619
33436959140983352133376026799968852482741259781057233
33517112328654146058090322689090092502214548959561586
34689611314199602631999293879841754648616588231328123
34979112554354852578851921802699354418416215911984999
35704248802591022230769459655866755678507507533659144
36208140784319979363799932642681170200792084731595643
36606659427622127191866885889628550514380968345719137
36814152004541141843091507290329703528129474685126388
36978684744192377585567074227872593312168494619442344
37217617306025607209543256088157579237279363810687651
37368825765059104768548213816509638509499292229922276
37425655808043752202375205960193022943961838441209592
37550120872097306239293334665402253957894634205698528
37901322919452652503313140403204646061759855288676047
38037657987841182459805178503758699754665960941199159
39344059634288758125744444293077873038252037297534321
39875059431597895664808184687462274189323431761002477
41199959356143954550372243058030654088481778090002045
42444279237315785832411595106453089134746365281031552
42651644230069480265334181533363532749764415200755312
42806900327583681875693131517858168659050373933110409
42826123124588612489317200950440516526651955292387870
42911886401415747087765570443593673103700483651161340
43257823038602451582567665392046903771488152502986951
43270939938161656752532429282563925134438741273340004
45022047853526996256346106200848216612690297542182297
45160400927950629666428750780372444333298767598160712
46986600330292567592014016024405718051667384765861230
47329785657208928515951059059214618796855726881783408
47374693404041392739723977997931294878350602304034029
47834392561649606964953971900099863087274831182770631
48029469236898151709201054890032711271403765217061521
49246182119762952003918195325258677229419698255491250
49471331741516820683876918584402706119859469689396658
50237207761756790857425658828527673356944596929561783
50553609389319784027941411419750869283774852154876567
51553497548136371511025010734311879059212034700183118
52429856610416653146291677770577033731517804193080821
52561520783820368250771615726408239032267029551103850
53639219823402319898913514253892870148193597980147555
54698566072726471321638328601260546793478816387617237
55973659275265380715369101448646797023800333691824325
57748644911324998388719177123958349623683754122968936
57796128268879538724666617752917714982402203134266476
58438977363953465799837497371847229257832095866641287
58726688859566358352178406094985101781812297902804342
59001270612664326932152637089347951754250872342231023
59172538346366253398479715602400417180772846357057917
59497719283032525060644896747689170468209906245707524
59558080020592633556443202171401827539340135794726593
61252120084478987251089576557207445734878009938289703
61695102206938446715941770657135764357556449293869062
62219608514693369610955016820196563307600967750675143
62267379472493742196799462773129712663742256415323292
62314044650187159695396231280358846305296677387094818
62533137212255534914711644145471268682142295746984906
63071357759014134011957806539609151388389669510764476
63536168481301283252439510097635001110199374023295612
63695088905392154141908066643875255681227470066602964
64545106743124787971898265092564240609943058429823474
65539879266185241357675678503234408140111225279601389
65689658682605094754478718380867483685708750210701000
66163261010848701970406598547636095208200716068235733
66515478945756908964457146914079249074363356423771530
66598002478085475289991246201169364306289626109171430
66739685966036213875997522703552652709557773655613530
66862984276747492641452042355327554032040194028059121
68211031947297360293086762610765172433329206837955027
69343928166599815751030687628332769537268977741629074
69911475139843440174175095812709678848513514724648148
70226533899998066135377241295899046115178568965144005
70851596369449978152307544532077526601411865694622210
71477541960885924032516356590772247645575583163848499
71742921205742802471090233845559069837638370357979934
71818565926523212288874005995309951112339723304843924
71834314997102293336884909392801973446749153384919141
72195454448403240244590472671893639607390964922915772
72458812149824529983869866238262757827802089282055276
73029399222949484634283378375914917625228615596268906
74758523487135659348981383064705056403823442081393891
74802597952153716427949610673043894059438585917018772
75293414129177519789597553009171514918871452673492784
79647577568150613254430920091403212601895448264068359
80435300772709207725646206896715473704302427839035918
80892180178003040686927576238527242030837597832508220
80893074783710083450145620356667677191627276513995926
81387096641827392062660669213669546645213590759318975
82828260794186107895184164757930449507496475585021702
83551542151046910409480537897331053251147804759328135
83951504397258086477340783942414979732990112012915257
84094882455171152761423221685761892795431233411387427
84524196118955714052232027825500946222113591124579122
84530878111628911857924235777978601860555139695634116
85163996454031121617994811515058334884774027149821419
85299729623030681097007444487068500094829189637195361
85669070986732015356546815853328769646321058700373462
85714408796094560053276678154242590047213446823949406
85747003328666382641385476510633649653215636471863677
86366442600773396871544818214789353792540630106704844
86672955148614949451275257583632321027720194461200108
87838732680050993395675022344973688516456813422610504
88725085306195174039083081434264654820982140624206662
89732209182901891640417324835419989757939220056761262
89996910000359063364528552811581954431092762254094993
90034465168740794462331419249446357052220728524144370
90535068386665515224517496124704761308921150339007948
91364460689670054969928009214199235017340031559629857
92809584707436178267400718091682702043550960791060408
92845723891622138566893576957700259303761525953553668
92931226940986361946460051762608479463217443975237300
93406683811646571994090942352611078616835463779284939
93558151305365373682514172613617883929692170564952131
93785432216343970586177171398092031280784789958911236
94269877487832193744435132809034944398538123898510618
94860930087635658394839764586155196454253268266394562
95296789957717656624564824341305331744212384923383446
95446928142427976941439577050666198551348065532488246
96101474818232979328821361036989054630232561510539434
96440823212921204274969472707180048607264076815926217
96794480678081593795290279792201290148950969583065505
96855774944350690883362953012386671807776546625475234
97069678427842611413306729609721801434037931568446548
97267483153588934191936473114160045519043597062690200
98267460185652321490178607752704653681555860835645282
98879538611762338851572602972979816211400397631791473
99104483633112393060626431293229249065522655068684366
99400122225921957537530397225558551306156052737371974
100107650860318744471295208504238652067948735752070715
100417306686594419724522986694461244046791386411685148
100823764712731002584178817838129322910377328070176532
101316125489513938897986105334111156432701077382566928
101404146472913169534385261244475833498908898428909320
102370630167563906365711106388748909565248708387182756
103522020079602732612745260485723972535026542837474343
104435239073246684620301374497552289721052436559949063
104457536670075559802915670434330955801373975485867572
105079281919410880605564273018133325712306377332092771
106524848058342454133801079813449368965417777606204653
106636748413019866317351420223958910378422325433928283
107235279652835735979103828615691892988428617314975981
107375471469348946689101209454585365899913997466044286
108860633730445441507297838996546772101553768738479401
108885967079329616028692686763563258500722714355786784
